## ListNet
## Epochs = 1500
## No. of features = 46
1 2 3 4 5 6 7 8 9 10 11 12 13 14 15 16 17 18 19 20 21 22 23 24 25 26 27 28 29 30 31 32 33 34 35 36 37 38 39 40 41 42 43 44 45 46
0
0 0 0.09698032059408503
0 1 0.0074790700214442535
0 2 0.0907739098391519
0 3 0.04107746952615513
0 4 0.044271177780357523
0 5 -0.05462207272648811
0 6 0.05392146110534668
0 7 0.06407053023576736
0 8 -0.07155723869800568
0 9 -4.707753541879356E-4
0 10 0.013913115076664056
0 11 2.3088656509672676E-4
0 12 0.06667645064511096
0 13 -0.004537092836071619
0 14 0.0837468470181517
0 15 -0.03690657544124398
0 16 0.09617959888114491
0 17 0.007779961090877849
0 18 0.010206263565559323
0 19 0.014078524149784801
0 20 0.18006160460369028
0 21 0.2545458567736609
0 22 0.19730246657339737
0 23 0.1271415017815823
0 24 0.13268720369171985
0 25 0.017720440668206543
0 26 0.05689464530517202
0 27 0.11995618608312161
0 28 0.1468553819159036
0 29 0.06815800350964313
0 30 0.004467477950439446
0 31 0.1838450092375591
0 32 0.11505366977253043
0 33 0.04313449319384791
0 34 -0.004741867741193837
0 35 0.061449027788597024
0 36 0.24097922820917692
0 37 0.10919475560357159
0 38 0.27507069478854856
0 39 0.16801373883191353
0 40 -0.041549137624022146
0 41 -0.1455228019356537
0 42 -0.047635264694690704
0 43 0.019461145507853796
0 44 0.030256199581754212
0 45 0.057559908230965434
0 46 -0.034113556146621704
