## RankNet
## Epochs = 100
## No. of features = 46
## No. of hidden layers = 1
## Layer 1: 10 neurons
1 2 3 4 5 6 7 8 9 10 11 12 13 14 15 16 17 18 19 20 21 22 23 24 25 26 27 28 29 30 31 32 33 34 35 36 37 38 39 40 41 42 43 44 45 46
1
10
0 0 0.013638586261771314 -0.05030948813088505 -0.012430063196872222 0.03520579418120718 0.010995179063578995 0.04942261351940296 0.03634455474092582 0.06218841312633291 0.024104455651035053 -0.04163861026352064
0 1 -0.17171590135322304 0.09239731753815894 0.12592314235072133 0.055260031921828774 -0.05909536913952709 0.0054842258483693805 -0.1095358320300256 0.036161674560311524 -0.047091249033670436 0.027699067107115127
0 2 -0.18664216036417283 0.13032749435174742 0.1331302867730766 0.04753683282350531 -0.13451051672886205 -0.054697637686711015 0.03663691381528488 -0.0047426828336203574 0.01158236071925461 -0.04574179018916766
0 3 -0.08991244359267071 0.07790593120323569 0.004047956398090681 -0.09505021293450451 0.046772479464144104 0.08083694315687387 6.527056977939759E-4 -0.0019085104855905168 0.032693979242811595 0.017210726301481873
0 4 0.010600974088946655 0.06858986201966843 0.0661177973956594 0.07942617124944434 0.07006657269926682 0.055599388168801556 0.06224944423837798 -0.03664312808293423 -0.12854516395029034 -0.02388003344958821
0 5 -0.07093681395053864 0.0691000372171402 -0.07874494045972824 0.08539778739213943 -0.06140850856900215 0.06374387443065643 0.03603032976388931 0.028277087956666946 0.08402419835329056 -0.09374270588159561
0 6 0.06537287682294846 0.020604152232408524 -0.04103189706802368 0.0507262758910656 0.06555229425430298 0.09834543615579605 -0.015827219933271408 -0.08295740187168121 0.07792692631483078 -0.08971262723207474
0 7 0.03760620951652527 -0.08877165615558624 0.04689217731356621 0.030519098043441772 -0.050145309418439865 -0.009048539213836193 0.09940294176340103 -0.085216224193573 0.017243385314941406 -0.02392972633242607
0 8 -0.042745232582092285 -0.0021158873569220304 0.03456758335232735 0.015737999230623245 -0.08726182579994202 -0.07085657864809036 0.02047683671116829 -0.00741389999166131 0.023881006985902786 -0.030346011742949486
0 9 -0.026853960007429123 -0.02377551794052124 -0.025067299604415894 -0.09621410071849823 0.0450592115521431 -0.051519833505153656 -0.09220747649669647 -0.038235895335674286 -0.08182527124881744 0.09312256425619125
0 10 -0.0055230436070863465 0.06992564221446898 0.06553221446987549 -0.03624911472285239 -0.0014751879363844873 7.963773412349234E-4 -0.018895050305970842 0.03200417413289981 -0.10452853149349232 0.021099508100130303
0 11 -0.02903410263667456 0.1484843177925163 -0.05568014072473302 -0.04486068497223336 0.05642030100311198 0.06600383546241566 -0.006729579693754942 0.08253334560811124 -0.1291922596859331 -0.07748739609308905
0 12 -0.12464780033157438 0.10403498923380301 0.058392297087193845 0.03928110261033401 -0.07560900573658419 -0.049328658176893164 -0.010594017148436245 0.10770832491871427 -4.834875044497781E-4 0.01424445239145564
0 13 -0.020446262000355687 0.08708978879212 0.04142808275415627 -0.01927737565044382 -0.025419578792046094 0.08928979187624753 -0.04436027488258646 -0.015977107035980296 -0.06267798600645876 -0.044924956134016605
0 14 -0.09953620679947173 -0.015287544253617353 0.033964598896574404 -0.08098953967836309 0.07292979653431231 0.02393445033068485 -0.018172599536810143 -0.04529494860197152 -0.052477406757600015 0.020728390279844352
0 15 -0.126883468069284 -9.144371181456947E-4 -0.06348554162268064 0.04467146927121454 0.025968913354174224 0.09412863875090056 -0.018217194641405036 -0.05286366033264408 -0.11069079869805924 -0.02553897661926569
0 16 0.017386365759325496 0.08818377826152979 0.05316237820099471 -0.0798303790813315 0.07971933048892817 -0.053268697329121664 -0.07742924889457874 0.002761876638613008 -0.09354336975953156 7.330989614746738E-4
0 17 0.014318970524138478 -0.11420641956437479 0.043902717791863936 0.10099199714788187 0.08404461187550556 -0.08062264111348956 0.013089202928917222 -0.021663697091308547 0.046191731203543834 0.08282000693118256
0 18 0.06875162475965688 -0.13785175957758203 -0.044353973102965294 -0.014154381600030432 -0.06743804752404202 -0.1162829215551377 -0.061721480204556506 0.03357709237102019 -0.04783114324572361 0.11822804998939836
0 19 0.03440677842720227 0.06904795841749967 0.05212323206053485 -0.061170690613241395 0.04723404559415791 -0.07541489318843918 -0.018530946991346147 -0.04570831919025916 -1.6601267988584337E-4 -0.06905680691369047
0 20 -0.17112629991008962 0.1307647750899004 0.17387495942675624 -0.17715321071906812 -0.16876561964918574 0.17308054819069696 -0.1249696266909405 -0.029209920174765553 -0.19765136722470608 -0.19555838599365438
0 21 -0.2999628177149016 0.21746888638927703 0.02638891276652568 -0.15818167817586365 -0.02949171035363316 0.18839628628805571 0.047684732736567835 0.08889559268371626 -0.17316835886928902 -0.05283343334531056
0 22 -0.3781049486621826 0.15802008537569745 0.19925073382163702 -0.11915493690785145 -0.0260385334666025 0.08807789497831386 -0.14103218027246825 -0.024431968927144897 -0.21395755723015455 -0.26280767501182595
0 23 -0.2604346694029481 0.22528097805698616 0.07965379453839795 -0.10053811463141003 -0.035167710744582976 0.12764073277899454 0.03615251114697937 0.030846052457503312 -0.23061943521408154 -0.18887760043093993
0 24 -0.1133649939784569 0.11500361766297384 0.008850138876336183 -0.055053472521367795 -0.09803337187833992 0.010384937017627034 -0.017301569970022003 0.08812548060021841 -0.12827380204604932 -0.14219411581716937
0 25 -0.013623603524991344 0.031404232682704765 0.0415519074910929 -0.05672087147225543 0.003293455274692606 0.0063402175549488625 -0.05216070263403982 0.10777466623905314 -0.1379878950542134 -0.12071015230387956
0 26 -0.12838772670002105 0.15117185415588094 0.007177814893062084 -0.053422953979150575 0.022575771557249526 0.03030266424816062 -0.1006456865931294 -0.04084794247173792 -0.1523691079986345 -0.05484314749416072
0 27 -0.081042338379564 0.03527485659122006 0.09741208178152622 0.047224679648260354 -0.12505627793379298 0.11062569269750627 -0.05882056543406302 0.10494026739435393 -0.018520805879757973 -0.06817526371150319
0 28 -0.20038368675444868 0.03184930563175283 0.0415840358721635 0.03209286702846859 0.0545874754032703 -0.03152440553315072 -0.1055041731613828 0.0773756644611225 -0.1257107534300025 -0.12343907339332208
0 29 -0.1874148534610058 0.08505790285062324 0.01960379882440574 -0.1078484020712273 -0.05085384100397878 0.1429384823106184 0.02200441291213711 0.07085402461028908 -0.11291346238006787 -0.004939762144446422
0 30 -0.15115580502531686 0.1139389658788268 0.05735101721823852 -0.06443776249727455 -0.06601435952070357 0.029332602906716007 -0.051669663891757096 -0.049324593594436146 -0.1929372188921649 -0.08446717332814158
0 31 -0.1723204463521797 0.16711719519340126 0.02085224808253683 -0.03756943903120755 -0.062483543540924155 -0.04401194911805859 -0.09494567730120271 0.0965521438229012 -0.10457525783871442 0.0241336293997227
0 32 0.026763559234895182 0.05492018884794361 -0.00549174485054859 -0.0617601868296686 0.04064089800610491 0.059373051941222825 0.025667219174832213 0.05423732959125631 -0.021722224695648044 -0.04281568431082794
0 33 -0.10872087230353389 0.06086308286405146 0.009123677486920185 -0.04002196851308668 0.05926469137510921 0.0671308466435415 -0.07705404721678913 0.055949789600036964 -0.004470717196215046 -0.07438241644249537
0 34 -0.00513535613115203 0.08763942947476801 0.11783182931009796 -0.019546719369415596 -0.04739757544137826 0.03138918208921673 -0.013778645560178958 0.03624177904111329 0.031195068442882768 -0.12128816172474466
0 35 -0.06014104995715431 -0.05734698580258928 0.056721155161524886 -0.08024321342472887 -0.07950182245104809 0.006677447587319225 0.05115926287114755 0.086871453788445 -0.020556059370305437 -0.1175354899988971
0 36 -0.22205207113311753 0.18901033786682747 0.02885515065338939 -0.12697478988148123 -0.0036460880550627925 0.011377534157878037 -0.08625511094790628 0.10508389080487743 -0.24917524543359762 -0.13518367834917663
0 37 -0.20300778998445151 0.1253534182225739 0.19106874751339592 -0.1752754702391332 -0.13350064626742536 0.03477033552851184 -0.10574143981777881 0.0789563088730774 -0.24436086663245002 -0.19371212540068317
0 38 -0.3625035543131797 0.19930108961588963 0.06766842191009878 -0.03955697453779618 -0.04763722407328391 0.14293706160810085 -0.126983967801027 -0.050887071763048596 -0.27005056109328357 -0.12110766374111562
0 39 -0.31207137923400635 0.07833854470394723 0.19198654601267331 -0.17585041803242818 -0.0776643027213337 0.06970060994282147 -0.019426017620860703 -0.005799731661713348 -0.2570772497463091 -0.2278287580369823
0 40 0.022884685245773115 -0.016369100034501434 0.07220443335557773 -0.06307402032928248 -0.0686316908391945 -0.07282621668227014 -0.017201002516194244 0.008444862882401217 -0.03884058003196486 -0.04160707810446783
0 41 0.019184409945419922 0.046761556569928815 -0.01021584484712345 -0.05838369429400651 0.04893170801869221 0.05084296052855119 0.10495041746983089 -0.006157377402066101 0.041189287106565026 0.10095648484191369
0 42 0.04633079841732979 0.02819242514669895 -0.029177289456129074 -0.03778211399912834 0.05462919548153877 -0.043258316814899445 -0.019592637196183205 -0.09260095655918121 -0.0545390248298645 -0.05877896398305893
0 43 -0.025542576787749977 0.017640390917567753 0.08541760050213253 -0.03834519960708438 -0.052651533644550365 -0.037439864058744825 -0.029376551242374534 0.0055620201421512075 0.0902645028898368 0.03434460237287286
0 44 0.08440113206236018 0.04912584707670764 0.05688554741385186 0.05115433511587702 0.0732369993002647 0.08726023919131559 0.030786661560669275 -0.04441169079070434 0.09215890408334307 -0.05693379029268497
0 45 -0.05078825815216697 -0.06573678968475706 -0.0017253614954772746 -0.06844581616676977 -0.08837055034141947 -0.023780818162973654 -0.0680764875979482 0.02354386768208582 0.019712589446569766 0.016070944718301193
0 46 -0.02064039161600322 -0.010229704558206749 0.009810010170702953 -0.06426277736452933 -0.0038449675332359046 -0.09468944438129873 0.023490232385418957 0.009887308358047405 -0.05975216082164387 1.8740025315583245E-4 -0.1431221754940584
1 0 -0.8021542891039806
1 1 0.5747622295421814
1 2 0.37816967704765275
1 3 -0.3556647239953539
1 4 -0.2420693468988707
1 5 0.31473196441166357
1 6 -0.24068707811556062
1 7 0.11689238884007762
1 8 -0.6568173124330581
1 9 -0.5459254519681943
